Class Name;ATFD;CCC;CBO;DAC;DIT;CHD;CHEF;CHER;CHL;CHVC;CHVL;LCOM;CLOC;CMI;MPC;NCSS;NOAC;NOAM;NOA;SIZE2;NOC;NOM;NOO;NOOM;NOPA;RFC;TCC;WOC;WMC
com.example.Application;0;0;0;0;1;3,0;90,0;0,0067;10;8;30,0;1;3;79,2493;1;1;0;1;0;15;0;1;15;0;0;2;0,0;1,0;1
com.example.base.ui.MainErrorHandler;4;0;0;1;1;15,0;2875,3046;0,0674;38;33;191,687;1;15;58,373;14;8;0;1;1;15;0;1;14;0;0;16;0,0;1,0;1
com.example.base.ui.MainLayout;12;2;2;0;3;18,3158;7255,2016;0,1249;73;43;396,1173;2;26;50,7283;19;18;0;3;11;100;N/A;4;97;0;0;21;0,0;1,0;5
com.example.base.ui.component.ViewToolbar;12;1;2;0;3;12,1136;4411,5331;0,0897;71;35;364,1791;1;23;52,2147;10;16;0;1;9;79;N/A;2;78;0;0;8;0,0;1,0;3
com.example.cambioMoedas.ui.CambioMoedasView;2;1;0;0;3;20,72;8663,8234;0,1406;73;53;418,1382;0;27;50,3295;25;18;0;0;7;154;0;1;154;0;0;26;0,0;0,0;2
com.example.email.EmailService;1;0;1;1;1;9,1667;861,7734;0,0302;23;17;94,0116;1;10;64,2769;4;6;0;1;1;16;0;2;15;0;0;7;0,0;1,0;2
com.example.email.ui.EmailView;8;1;2;1;3;15,2097;6564,7487;0,1169;75;54;431,6166;0;28;49,8919;15;19;0;0;8;155;0;1;154;0;0;20;0,0;0,0;2
com.example.examplefeature.Task;1;5;3;4;1;22,2727;11941,8866;0,1742;95;50;536,1663;4;46;44,2548;11;20;5;6;5;28;0;10;23;2;0;16;0,1333;0,1667;15
com.example.examplefeature.TaskRepository;N/A;0;N/A;N/A;N/A;N/A;N/A;N/A;N/A;N/A;N/A;N/A;0;0,0;N/A;N/A;N/A;N/A;N/A;N/A;N/A;N/A;N/A;N/A;N/A;N/A;N/A;N/A;N/A
com.example.examplefeature.TaskService;1;1;3;1;1;12,2778;1904,4615;0,0512;33;26;155,1145;1;16;58,2102;6;8;0;2;1;17;0;3;16;0;0;11;1,0;1,0;4
com.example.examplefeature.ui.TaskListView;10;0;4;5;5;39,6;32202,2336;0,3374;129;79;813,1877;1;36;45,5812;47;28;0;1;13;137;0;2;132;0;0;42;0,0;1,0;2
com.example.qrcodes.QRCodeService;1;1;1;0;1;10,4615;1848,0105;0,0502;36;30;176,6481;1;14;59,1821;6;10;0;1;0;14;0;1;14;0;0;10;0,0;1,0;2
com.example.qrcodes.ui.QRCodeView;0;3;1;0;3;18,4;6090,4396;0,1112;61;43;331,0022;0;27;50,946;15;21;0;0;7;154;0;1;154;0;0;18;0,0;0,0;4
